Numerator Coefficients =43
 -2.7219663815143e-03
 -3.16228126777982e-03
 -4.62353835215769e-03
 -6.15197318061223e-03
 -7.53797808697348e-03
 -8.51606603722827e-03
 -8.77821515073424e-03
 -8.00661198075725e-03
 -5.90123182590125e-03
 -2.22172969679922e-03
 3.18402654727458e-03
 1.03449466880467e-02
 1.91470925342423e-02
 2.93196550228643e-02
 4.04501243016296e-02
 5.20012499344132e-02
 6.33489394480043e-02
 7.38255469618126e-02
 8.27858373137476e-02
 8.96505848750061e-02
 9.39624300660314e-02
 9.54344958948763e-02
 9.39624300660314e-02
 8.96505848750061e-02
 8.27858373137476e-02
 7.38255469618126e-02
 6.33489394480043e-02
 5.20012499344132e-02
 4.04501243016296e-02
 2.93196550228643e-02
 1.91470925342423e-02
 1.03449466880467e-02
 3.18402654727458e-03
 -2.22172969679922e-03
 -5.90123182590125e-03
 -8.00661198075725e-03
 -8.77821515073424e-03
 -8.51606603722827e-03
 -7.53797808697348e-03
 -6.15197318061223e-03
 -4.62353835215769e-03
 -3.16228126777982e-03
 -2.7219663815143e-03

Denominator Coefficients =0

