0
0
0
0
0
-933888
-819200
229376
1622016
1654784
-311296
-2375680
-1753088
1753088
4374528
2162688
-3702784
-6602752
-1409024
7913472
10223616
-884736
-16629760
-17137664
10420224
56180736
91521024
91521024
56180736
10420224
-17137664
-16629760
-884736
10223616
7913472
-1409024
-6602752
-3702784
2162688
4374528
1753088
-1753088
-2375680
-311296
1654784
1622016
229376
-819200
-933888
0
0
0
0
0
0
0
0
0
0
0
0
0
0
0
0
0
0
0
0
0
0
0
0
0
0
0
0
0
0
0
0
0
0
0
0
0
0
0
0
0
0
0
0
0
0
0
0
0
0
0
0
0
0
0
0
0
0
0
0
0
0
0
0
0
0
0
0
0
0
0
0
0
0
0
0
0
0
0
0
0
0
0
0
0
0
0
0
0
0
0
0
0
0
0
0
0
0
0
0
0
0
0
0
0
0
0
0
0
0
0
0
0
0
0
0
0
0
0
0
0
0
0
0
0
0
0
0
0
0
0
0
0
0
0
0
0
0
0
0
0
0
0
0
0
0
0
0
0
0
0
0
0
0
0
0
0
0
0
0
0
0
0
0
0
0
0
0
0
0
0
0
0
0
0
0
0
0
0
0
0
0
0
0
0
0
0
0
0
0
0
0
0
0
0
0
0
0
0
0
0
0
0
0
0
0
0
